7.072217485296558 7.839255080153293 380864.497142857
7.6829383384505405 8.338175844086663 339225.4128571427
7.745150471496404 8.466941718271396 370858.9042857142
7.798545014383456 8.491154988040593 417880.6800000001
7.577021650254639 8.220353904213905 310558.7342857141
8.40662097030966 9.191732743173397 382413.28714285715
7.9494508192755085 8.649764161306686 358143.56142857135
8.024134377892135 8.70704310926456 524207.77428571443
7.084202477789114 7.720281240666582 345008.18857142836
7.947466250324851 8.595358545361503 310733.75142857124
8.083052957575683 8.783791518269206 319753.6842857141
8.370881425250746 9.121617860329595 349758.26428571425
7.810360268418371 8.464430518002187 423484.0257142857
7.971074217873119 8.690027219166701 324950.6757142855
8.186844716488025 8.889419532389768 355456.7142857141
7.683164770469557 8.355122348024974 516411.9785714287
7.256255013414656 7.934396377753813 332338.7857142855
7.702726226769793 8.407028719874587 426590.3914285714
7.305963442729039 7.9915402343229385 359168.51999999984
7.769282622387238 8.454412140267262 441262.41428571433
7.709148261585832 8.349533085627776 319664.63571428554
8.112571860729506 8.859134678128694 378694.9871428572
7.8584744246622815 8.535911309425742 316438.5628571427
8.575715674386172 9.305073063714039 320912.01857142843
8.528518235606777 9.276655674674704 298418.9857142855
8.270751009381726 8.963874101786 325883.807142857
7.5690014553457114 8.253537571513007 399660.2357142857
7.546669151090753 8.251780451461565 413334.83857142855
7.267847990850517 7.910265394954631 336345.93142857123
7.835037554424633 8.557870661072686 365436.0899999999
7.788290716987264 8.448164354860204 449505.91000000015
7.147945591880501 7.809529955099873 354647.84999999986
7.93863359269959 8.583540361652654 349848.29285714263
7.92613957264807 8.589551768708473 298249.03142857127
8.58424488494651 9.338533720197084 366810.10142857133
7.724719014072861 8.366626897061536 406699.92428571434
7.5133450443549075 8.15059689606157 320554.99285714264
7.874429919496315 8.53799064879385 400194.61000000004
7.563654764751467 8.185050434924426 442263.26
7.338460931455348 8.033013982825343 351593.5085714284
7.642481435072974 8.311093479527766 326068.89285714267
8.332832506408938 9.041382415162415 346145.57857142837
7.848391217982554 8.56685112977799 348994.3928571427
7.5340465698342625 8.241167153597274 714047.2385714282
6.560053945858273 7.166356589909249 413468.9300000001
7.57107116220968 8.275540768270872 372402.247142857
7.645986928662343 8.300390911121495 477670.40714285726
6.819530556122075 7.464729702841696 328868.56999999995
8.66315003136997 9.480116763867791 366972.82999999984
7.7005889145296145 8.417945476196024 312176.93714285694
8.160644720835542 8.843265335511125 288067.14999999985
8.58580482162266 9.294364225559262 308891.3442857141
8.400627974511078 9.123177480448605 329714.0471428571
8.111370299335638 8.822057355809171 297820.28999999986
8.831727987740248 9.56488708584903 572112.5542857143
6.9768065244934965 7.625157881601411 569843.5242857145
7.029265438591709 7.653297835369732 506471.3257142859
7.19863723672355 7.859347653270135 506286.76571428584
7.299770712624133 8.032455232785889 490031.87428571447
7.232527750942677 7.862983564796328 328223.4557142856
8.334722668351814 9.12488375957568 361203.0699999999
7.845907540564972 8.482871284702645 565137.8357142856
7.2583833610190585 8.142883063425547 475438.6042857144
7.259353988769313 7.9339125138476865 510728.59428571456
7.2011437067307424 7.815088075261845 373720.29714285705
7.748962630816837 8.461416755131713 375085.45428571414
7.674122509839878 8.38041977351045 365824.3185714285
7.848150880096583 8.486041743357577 432603.00285714277
7.419657316158704 8.08874685717181 392536.42000000004
7.600945581572835 8.231597765777044 355162.1142857141
7.753135416677783 8.417385601882994 345008.18857142836
7.909318012519696 8.577310162134783 388552.4285714285
7.46563098485772 8.149034605757844 518095.2171428574
7.170178278308313 7.8279202076778205 328774.3814285713
7.910112817675176 8.647612609773992 356023.3514285714
7.725582549513126 8.425097676770578 416505.92571428575
7.565490925898764 8.244117341443648 399589.15285714285
7.327817533439415 8.046021162291492 736105.4442857142
6.914500485916346 7.683256081277286 514745.2314285716
7.094959547631581 7.782193507747591 357923.34142857126
7.789790152989328 8.4149653096848 546669.065714286
7.0125138843630195 7.628712347798103 333793.69999999984
7.651595936917165 8.361792938322841 353187.3728571429
7.375738661468127 8.020866008447083 368886.0257142856
7.6352908693978705 8.268475531465434 351669.31142857147
7.8248404655146935 8.518827173554413 366133.35
7.551310528966405 8.204730187871052 421106.11714285717
7.487638934886933 8.156230875760036 334271.63142857124
8.101647533274434 8.780916581378463 332421.8699999998
7.82102386748341 8.522866194834151 443447.8685714286
7.272787529237547 7.881906652085442 386132.9057142857
7.624675285240387 8.323188131384107 330299.6242857141
7.561776135845406 8.244344316318262 305734.4728571427
8.05462704132801 8.730924158156359 403367.68142857146
7.097815230984806 7.783216213656935 379733.2057142857
7.592568365250588 8.25883703400739 293404.53428571415
8.312326927230012 8.997344196560844 337655.3914285713
7.778390090129077 8.475742322427244 407661.04714285716
7.836632703066119 8.622868169543773 309434.21285714273
8.245614275488123 8.984507225585242 507026.0757142859
