398.5134542863667 67.13722987880537 335.9194204692176 717.4211139696409 604.8782835776855 201.7964777356328 344.0811288220925 786.7885297552627 323.3650714629655 787.7422736391509 386.85485508256875 658.9696647626624 656.2033913209957 112.25086214254512 76.27828740512396 178.3479574228583 97.87895392444032 72.02593016110053 9.69647596012706 368.46228398194285 240.52270612847644 86.64604890516733 356.6452358068657 5.1248988191749945 133.57284533611053 26.0273003183569
233.71296124175817 72.1726433220628 472.84746864852326 101.98072872773459 68.14757716380315 802.4056812849434 474.69006254485606 461.15785781713777 619.7988851649914 580.3384712380926 222.56301219334784 653.0076334090191 392.92879439439946 327.3744504482573 223.4250254061409 211.84170155993647 142.7921271010851 157.54894192598178 300.90381368270056 321.77800526294016 70.39598631768791 299.03697946046907 121.18012231985693 63.10300316092628 123.12528958495716 55.91134651409874
334.1205181460915 92.76052384874794 116.48730863241767 627.4871829553441 421.57056597037734 355.6474626629686 699.1354756079581 249.83574225610212 556.6348652956664 787.237531135456 138.81540185472653 175.76124420418384 370.12683762845353 325.1834611779583 87.23917919583602 14.677267285785362 114.71079044977475 137.0677233550184 352.4981681765146 119.60348818945224 247.36521233065764 74.74111922721791 197.90552902750585 248.8497058113758 159.1062274476303 208.04608750281545
338.92449698145754 56.68253676327861 823.8847407354006 151.51118681296666 59.8445645683929 287.8072135853662 348.4346234920389 133.96988828760652 688.8784486236686 286.215315749366 219.53656194119336 594.429274988319 496.25109170821275 858.2424753141815 181.65106591576838 36.74488434025452 212.14824669433855 175.14493304827928 51.121191356889554 221.64116088803812 153.88442717432355 109.07417874324193 224.6079184034374 367.4080521084287 212.61449272827863 64.76946538594255
176.01441446133234 95.96287652846519 100.53204230281828 358.8026200511345 195.43752351636005 560.3509771942364 177.7178381372454 553.9508233663363 782.0377702191778 74.05930555040963 534.104699698884 729.7494726844303 379.89293151211297 237.65514160876378 88.09150122022463 171.77535198343202 152.81896423412587 129.84672873172806 301.89101072761616 220.31864037201387 198.00480883953276 59.21591124990111 186.979397585055 322.81917807671823 47.91784719512468 43.710445715276464
378.76809233253994 96.28100999441989 37.428590870841646 534.7560873689474 146.2244298143575 189.10429775704657 58.04535665851329 393.66216858501986 619.6247569984305 750.1339287906376 686.4060928721167 47.07529244623168 683.7005689537563 305.7452343793879 245.2604398874754 143.61257284244314 93.10143102602075 247.6060990304495 214.68507674557804 244.11100786723577 53.093220383753525 302.11888171584854 246.73140251564325 194.15566676102137 199.80008280098377 8.473629323274778
322.2069809637102 94.3868824617627 99.3767565148806 583.1816626946538 32.17609794486308 430.7104436899462 360.4509994221606 682.5875012341007 615.1525076899329 487.209194722052 557.117818264465 159.97294662802102 802.7326902068069 318.1810743074921 96.57016964941165 142.66611751845514 20.788216576260094 208.64519022584187 326.4976038545334 202.41751300366096 309.21064690129543 254.280516263589 215.13695540803437 361.782072057066 70.95954624033895 45.81908024541006
390.14039338119846 61.03494482730582 668.2732947173254 544.9524821733127 872.899362529917 475.9677966371268 766.4919183455733 688.8207124304801 65.12320794040117 109.92376396927794 799.7510701190001 623.2068898972503 119.70926842183573 680.8273545383854 224.1617007802791 12.018729370494002 21.62658197755618 92.8627470271077 380.8092742150119 183.09824242426095 30.418310716623466 121.44771844310402 394.54793655729344 253.0609567388331 222.7427732543902 171.17789723109607
293.4937070037669 60.55294455223785 190.96183374630183 374.7834170450808 575.3985813312353 5.460517198826764 456.13383833033237 652.5371041061605 853.2372232581631 511.2137295405452 722.2057189283555 682.6312624027129 425.5271193612984 573.4354534908722 106.1099520389433 34.88913834732657 64.11186355186888 115.17843938283828 43.59023652735381 333.8579257517641 374.60700510043483 256.65507445611127 55.00379345950481 96.8907122625255 32.64273723077562 192.94619892475228
239.37873270789828 70.9709330101559 220.23401677333376 362.22683071021123 361.81845427680213 293.9238768358656 77.91680110919323 397.85877447941624 303.47242723555536 163.63463526785628 816.5854806002607 513.7856232723601 37.38519902703007 410.1137011882039 197.28941567785282 212.37938180409046 93.16200897759703 63.08264234391392 364.73402809352604 152.39183302536924 378.74984602044714 326.32453152621895 39.0961366195862 213.359274719671 119.69963760335165 117.57418609533013
156.31580447394538 88.79506670237527 109.57927045487804 360.92443736168553 696.4831999793888 353.93858887177055 569.738280069237 655.3646933156693 148.82392809332825 658.2966098771199 775.6755520720242 697.4584448921773 325.3331770050079 840.7556921028845 0.701452950933934 235.34956438890256 221.63406351974015 136.24132129313713 117.82528744457048 233.7899114208446 307.709611780139 139.96650276671772 208.62706584845577 36.622567623771296 230.84459681644162 169.5725536716933
176.3675369782395 83.49394518041441 421.30484146637093 556.866928289141 786.2093742404501 84.43264848106432 732.2283033433558 149.22453281515058 328.6493366038245 240.93714593064976 264.96338552600315 281.99946623553836 716.829489386097 582.5224585611122 105.11658047954445 169.03612683367516 237.54417798931226 45.42394706573633 216.01461791406052 136.9157598419616 68.2496991603895 70.37018128072022 62.58256848834289 256.35719774171656 37.67168354425546 95.82203505200191
366.4158880820239 99.14515596938514 825.1778323285278 342.48452155752005 721.3117619070213 161.73401333408873 182.32584170981326 309.5093212631381 26.321809001348484 523.0084106809932 361.8992323019741 855.1579318170077 152.46948467470813 30.657795107554197 12.066783688445131 74.87953618058121 78.01894655643257 156.23443895753218 285.9007701657841 45.87490495556907 157.61492951211028 388.0513077786166 345.1859478122987 262.84744481855523 51.98798476059502 39.00064830662936
252.2600483068606 80.8607348447035 143.5012561439744 372.1319679435229 341.17521392381883 255.78172604220336 120.90088993389814 783.771855715167 209.4750962042383 290.9415419226519 606.4157019363178 342.56521997218806 471.13994492084066 270.7118682420705 45.29685876570466 153.5302080484402 59.083677177291875 80.21077964955231 182.57703718394288 391.4700357186227 135.80545231035939 123.32170129538649 344.81255670665104 297.62381601048537 54.991398621602485 214.57572088259468
247.36379793660018 62.76091319530667 109.07625162408272 561.1714996924686 525.1992956495598 310.13447215115053 409.2152648852558 363.9905525417258 434.1986017442537 340.8282417024988 364.8645746135964 398.30383726167565 229.1248071404461 658.0238364630623 83.94066747923992 235.87412020898935 132.9407943438362 44.4946133676295 128.50435917090962 28.279119823377297 231.91393977214543 369.5124252228793 287.7317812238182 218.81384272790254 101.59637019785578 163.84766850815092
274.53570173801484 95.07200261810468 806.6682371012835 153.05537932368716 476.0055779710928 303.2442673935574 478.8547009661653 402.0702580684314 794.9684544146127 122.91636831664597 434.0373301079999 515.1580425310387 500.43756229689626 727.1167628411564 233.733080959218 72.39742085886172 169.3223818580764 242.1182738822349 304.1481465315345 6.925319011865527 386.711106705739 387.66597196855923 245.75472057607666 48.39496805262522 50.55191844539367 192.1048803817047
227.1935213914879 69.92851170852342 498.8604929459633 148.9594714367235 219.41130127439467 786.7218228154239 558.9652564068116 490.04387752403136 497.11549343152933 152.657464940614 60.69755420709777 257.17505972845083 512.5163207196152 111.87930381792235 183.57908616639813 177.4828598743206 116.10404711146252 249.3677481759924 25.27683758407795 391.24040560132346 328.3219901136099 156.81312139300948 190.71289203220783 69.17948708139106 34.57000478560296 65.3149576633369
259.4644619851984 64.79911452328801 748.057851994048 62.86477211877588 807.2969344623716 640.6076221651723 380.8751965050341 760.6228642092512 854.3319480575556 669.087120558271 746.6252340778109 456.26387297188666 57.71272852117967 811.7370794433826 129.94996420337316 185.13665314715234 3.7318070005256665 8.110717316176519 333.60977766219423 376.01520467624437 325.08263935818553 155.45372509112195 386.44315979448953 352.2442961643217 206.69638316982187 58.72174047937073
284.1669597084764 84.33962183587187 219.01195171767 162.32788988851385 762.1250996782584 431.16953401976366 472.1555003274796 152.83529908209965 801.41463032683 164.76184268299002 49.76192697674422 163.1104400667053 23.76382735362961 482.42457761211244 89.66106563694449 93.03444724412513 128.53236005282878 109.88778967239737 320.03401400671515 398.48974907106043 322.3103495557674 377.47410318137884 324.4649296270025 48.789663286853454 48.635261135872184 231.10461058106955
272.83054885510546 97.85047281340532 877.9933388937569 825.4883675985882 463.8981909387554 41.52710091493258 179.23545687263507 889.8533300942157 502.07541346567905 142.06616610382864 247.6714061258324 498.9610712299938 132.15770434681355 15.807791791509796 90.5727846829558 28.828402108575457 224.35298764643625 234.93949612910595 241.73593220631471 394.6284920740527 309.9877407611468 74.75295537275967 215.3025204069042 307.6044582902943 173.5686122827215 85.31151085311306
188.91138000692237 53.816095628664115 302.92494492252604 381.9468647131054 9.204094914466033 872.8631456945435 97.07344418918808 633.7888582172884 463.99184170635726 5.547077829224534 191.71177643577502 258.95491493428756 124.6339635485382 560.810450568102 111.34999944666446 19.517606101171896 224.81038957641806 86.3069891753508 291.1831334315203 233.97798616739513 16.52043026699417 17.960431349524654 135.4149142982665 215.39752953789565 214.24287925659064 158.03578663947812
167.33199989099643 70.7988419833388 818.1596273410298 491.56471758571587 807.597304663173 297.91529892420306 849.3302473161528 721.9758658922693 875.7967613792109 845.0703364415451 154.91025464945687 844.09771468322 268.66351548890714 853.417390241041 183.5883111651801 97.19667689273615 103.68931157365768 46.56573556064372 281.1182060550255 329.8995109003011 92.08532595504862 136.81237832805263 159.12024850723986 26.561652822141248 99.59745411424164 44.28411439215041
153.83965622831323 79.14447998089697 427.28409615111696 644.4530884810633 689.200050268798 420.73165087153916 60.09812055416458 774.7527320715863 340.05497174884516 369.71814583182953 547.5537905521544 125.56940007616618 484.1879409422209 565.6684367677454 193.10722315975573 43.22055913910733 42.8936008319645 78.1684526999919 10.786712238516394 18.623017646376503 91.74509306450713 187.21925150417178 50.06549396793285 6.097093907278506 126.60517849884928 99.86446747998062
153.75702549204593 85.81994620265195 498.06678122563864 801.8742434972288 361.748104129161 784.3540934980073 355.8228479884598 84.68465873017944 549.5635310373497 327.5708754722035 495.18711979714834 342.09844283336594 143.7440248599907 518.5909095845557 123.30076302494707 182.20373609471062 81.29511877163759 97.60347328991243 17.21564548232748 244.27182438314904 113.05933215104918 196.45148615685977 80.95231508534506 95.57196021448333 12.77987947877987 184.81795782990466
220.724650020189 90.46627292236329 56.51700248112056 75.52458149140449 650.5307526245585 235.33993493618775 384.9154236878638 426.62157743998205 119.17997381289152 388.3879544753489 778.3076481043229 305.40335959193106 55.73205601248416 131.35706605758264 160.26341986020512 2.693367144991771 134.85693500871128 248.1371797971159 94.51432492663474 298.8351541106536 273.8726376315827 336.33612734043953 189.4246547720932 360.9248481397181 148.69081343768477 223.312109339316
202.14611990332588 57.91893593583116 520.6457341918308 647.989223764419 653.7392036255873 774.1167574216746 511.2066147932755 368.43422355172066 174.61831910779466 703.2202692977512 228.36914120540055 835.0361643825473 167.6213386885569 56.494983496261334 81.64442010294911 31.57388069695233 23.231425639716086 240.2781803618857 9.834019487942447 154.94763842402014 369.0935345757137 226.4342019549617 350.10354523480356 374.85336945544 84.84372487611572 45.92089201626518
189.16546275534827 77.72162822557068 422.0892708469417 748.5281122643765 651.418064296111 881.5176809516153 716.2866669937871 24.465425503544303 374.8113695830348 623.6925083437003 671.7197220717466 421.7510920540174 705.2856737028102 146.67071387883936 56.88834824542641 195.6458997956808 54.61540423142577 42.758374973418775 360.8644823172774 83.97200835180251 322.46721229665485 101.77675122959951 295.9612997432638 223.3819244747648 199.7136179623549 189.45926412827853
203.21336431148052 89.88374585761329 623.007689433833 667.1997626604764 732.0351051386136 279.5283356619109 100.67466149135245 585.0086117230409 271.7779500865581 353.76455968408993 604.3377187101435 458.8645749028018 344.12223284667635 860.2277775376567 40.486111291035435 132.30925702739515 214.4806527315888 1.5450689816814134 17.793235244116758 73.92737876483895 67.00197394343115 68.8616567559845 26.982133114625427 306.0467710785792 184.36385776321598 219.09265952887847
175.7968911285226 84.03296375094291 620.9511057298167 505.2380673634521 240.81227990865563 774.279161226496 457.35979974715866 736.2451291449457 427.30003912429106 262.445371223848 120.33647148809754 538.9566585749621 154.3152442143601 585.4963175352436 24.66253302534882 113.75189809344774 217.3424414235947 4.246635056646269 195.1302992150174 24.41355150428617 29.865639242468546 329.2593733606105 289.91435447965176 30.883222465834194 156.49958637021177 178.08085980477153
363.7928909481343 73.88262661901895 268.55064494733824 371.3818390327222 829.5386356038354 126.87754171125601 560.6955606235514 0.7107186065375304 654.3836057718406 319.5254812367281 665.384224343795 874.9249494011893 835.9610880867466 162.32114168520042 105.05952074678201 22.51735721720985 80.28995958309702 34.41474997459548 321.1723872602859 61.79119158797746 283.832511536325 121.04727174891448 156.98716243956304 205.60119506722864 62.25985463359593 219.77838118751137
239.49748041506578 83.6136202165202 690.2279832118404 648.0104896172871 692.2802254637683 654.6663456233148 500.13919152670564 638.0322674082773 7.95236452575182 77.76727461436792 484.06334910669386 722.0685990845783 143.58156667755256 518.2147052494479 199.94792788481843 204.19055485846775 194.5389028719459 104.1726368507323 399.3666684042815 265.3426851229011 343.4741361782032 28.1061641944476 48.840644833553306 301.99852582858773 131.90213247074243 45.59489299154562
396.8552796405893 81.25259685050936 187.07360452446332 445.33740760876447 393.3356709709761 131.8475430392581 717.4343700438833 732.3542142197165 170.34747316360398 298.4792307591222 222.53838854866441 668.6258967197036 382.53702419947 216.74219737735862 133.32211188594755 106.38992095877659 183.18748496675965 248.91151374015453 380.85655946033677 84.13913176874233 352.96504952871675 247.59446389863538 101.21757229491676 261.32756141386864 192.4455737877053 201.221515759802
358.6048342375599 52.8837262507555 99.16314790745993 72.38694622600525 633.2627633965185 222.88480694761265 803.1336628599696 668.635749735055 93.40062099775439 876.3673807153662 444.77591224539685 127.21389805585954 651.0219164865487 181.32208258274298 248.70782726785782 127.58330629518699 16.525621982806214 183.57640402209117 379.8791968148782 158.6023400624375 392.57658057469615 60.959267506364824 309.99667167522324 335.5635868826447 129.49749086924294 232.41651218957531
254.13906212016232 97.91924940386438 135.3305453865583 548.7993232944674 28.658943390748416 358.6725667716637 160.6673592286883 651.8636638425278 800.6013908811958 17.526600986297638 252.2619516671722 54.289580814471265 22.864143513056945 105.07372368705259 14.855670489342138 91.65909416787707 198.6208483803485 9.755543863856019 67.41312473471596 73.08355831698705 122.87473711042325 115.70769868955936 180.17084797238581 209.11095284503057 82.37481441011202 85.57688721283047
260.68538493310234 79.4681250187623 436.79857053255233 722.1584246779746 591.317913878323 5.357221831036063 410.97948677590716 287.0362259153202 75.75882191388166 750.3337577403361 75.59394543310913 819.5054603743705 164.36166112780623 642.2091788483034 83.2389051975031 172.4133801213823 88.55969780524761 18.814087819360196 179.84122457524828 90.16718190393908 58.330617208235445 28.458270182663583 43.14122895544994 195.4818976392769 162.10638068391148 110.85338173100607
373.41039704455227 67.65226584538358 395.55894671726804 592.6562910391488 703.0296955198694 349.5631954453333 141.667517692484 109.18381415805833 618.102380493678 19.42553330981277 436.4069318864981 164.42418406860898 30.618775834130386 102.20397389905939 237.3819352826928 131.37243200566158 146.82019988389496 237.87354349406573 22.24272447045874 104.90782418710664 10.15231677151398 303.0113941157543 364.3567282552205 77.40948558886842 186.11154095734346 227.54680908881974
228.02120744187567 80.39347490069177 133.42126379190228 287.2909581051751 121.65326563100021 274.2475935530925 623.1554604678531 277.69125248011596 563.2972170371357 84.61978344529673 159.32421273409562 406.6093902164116 382.6919104661244 855.5566016301049 237.2196524139524 173.7658887601903 16.198656499632285 196.89507264953338 267.7893882316833 319.1061400652586 390.12106823346954 26.598509768966004 293.40032150110846 186.59462102090285 114.19799416509727 159.8274470186317
300.6169413888532 86.1748872381933 758.2647279657346 663.5420783095101 114.64924275635441 148.3468752887556 776.9525951130481 163.85561288727743 837.6626487011442 96.5089421688306 617.3132298527166 711.251510808981 279.40988152094206 784.7376502205659 36.45126784119909 113.2092526669911 26.93223519046098 204.70610097458484 150.08820975211103 63.09450094594191 310.32762407373514 185.13197978827392 288.40484446540927 161.06700174005297 141.09289219195716 188.593375105303
314.69868169206416 55.5025935544743 97.6398452056867 186.72400198170826 617.3802675625694 874.0224567196038 851.3584727899236 208.0260721084464 436.82133907624336 81.40150165597765 881.8014843330391 791.3608404015234 790.4878897744399 268.46183490882174 204.8232171139107 228.67592570787528 108.63354869555542 176.61084029391844 265.7260040581359 173.07639127861148 137.76245651953212 161.940618535842 214.05773497222137 154.6698090830387 42.37086036288618 196.60035952497927
250.3906899794985 66.03829095220485 396.1570057088182 216.9799593978464 396.7056400049669 337.71288964328073 523.2005726337751 41.510249403991416 561.9589655832115 263.92903198867276 115.03886624916464 318.98012778724365 526.9420445833324 658.8153321844459 137.34814939929544 141.64843714673634 133.60122514412166 69.80727731940603 117.16019744456037 378.37433115686855 237.07065008201602 221.941817168717 57.35400233855863 143.7468258349173 136.92525343009729 77.58582587659029
386.465889285221 90.04884753891079 285.9003361761938 714.0556789693661 39.24493634495887 132.06400083714084 146.11599153169286 123.76454055923473 305.66223523900965 874.7336629185572 275.25850664851157 428.497530215121 287.78577858609316 209.29574270422466 4.0189506493712726 187.85665430461842 134.85522974764453 45.454167942127086 139.6028285082294 163.13727728035974 289.4173218488047 166.49659466232615 207.89744575661496 306.5985465135046 117.81503644356506 117.87034703559799
254.73598328988635 80.71185249601486 285.1552990751228 174.06432868716593 447.8789332431912 539.0740024714838 474.5911911141978 459.6980918563618 682.3806238727276 245.81779610742177 605.3732099006132 563.2627751445656 171.24995542593894 666.5556926647114 11.484365398974127 119.94136887566759 237.23760894362303 4.964734862214631 269.76494169075556 174.90146279189872 309.6101169367229 175.81841944024296 316.2519980012644 75.10508244794205 100.57274516363456 27.57452405380456
222.7206538674202 74.16137677843392 535.0768219582296 36.34748900756395 746.8698525625405 820.8126379954539 147.97108927899166 248.58016812399734 848.0238517254679 200.9471561118928 656.6043487664014 290.9168857792126 627.8708146719007 77.19390916734702 21.965298330658523 16.039911133613945 214.80230704095925 153.69977714302507 334.0828396272798 283.9644710232372 13.730138321756735 248.39194980243198 380.18084808965256 387.42491910057623 144.28464131384922 171.06210774901837
349.5013829187376 85.61937609334231 787.2626972157468 853.1053363413544 894.2006770582807 617.3835426250188 4.718611105863346 837.7315498388477 868.1472285076012 613.1909558277407 165.19478306366898 422.54387384122396 616.859951827088 875.5561362592116 152.25364110720182 202.317315837794 104.55210608255652 120.98545664178445 135.29607916563444 292.7627296612933 259.63389960994033 232.62976726950217 139.02565528297615 380.76103051257877 149.27175058918291 10.091673418558045
343.6707062812268 86.74054073725294 626.9805533978997 287.3596461636689 64.31045630958566 786.8699750768255 240.6524496476702 887.4274275465677 841.3991582599045 879.7136971555307 621.33101268474 2.607247388537348 734.9278835914681 97.43111576824559 111.34087866270038 211.4509209459504 150.22113755079076 167.12593207230404 297.9308770450283 113.16034635086964 292.35030104583944 386.250846330926 171.15523944701016 82.7196822223379 215.64160754039847 52.54221698816819
394.061432623596 53.20573524957808 100.5409303637897 127.26839915452416 817.3368407482751 291.636096946929 721.7436799357168 290.8312591844741 34.00651567533479 833.0495258128485 633.2013121720349 370.53739988794644 148.5567997441531 784.2215323402405 232.2301689836503 213.09098550618785 65.04930674710849 137.75725574133529 383.65453001200194 378.4458046505416 367.09417772384506 180.64783235550715 219.4490347212848 246.63251880805657 87.44891457403884 111.24570826858802
223.67061679470407 87.0971978520454 519.8598904834759 861.3653446541546 612.0991912262269 707.752423275927 131.58658164618566 50.938311481846085 54.54619657339639 176.24377182172975 349.97830062930115 338.8649299666419 604.0685817642621 804.9569252025616 106.93018687835612 136.51359614312986 231.00483182250196 70.80973372061361 282.4148394503341 386.3342207544164 175.19586303644036 334.41428694263755 361.62144775830905 128.94605367347594 9.566456631857983 133.24427251320114
153.0950665375111 98.73636281439359 344.83056147078054 200.15754673540317 583.8585899337106 535.079879990839 215.61997473340568 836.8264869172233 17.047681346478306 390.57651916516744 787.5723853025866 153.38500054418327 380.60606083086776 667.8185812955952 95.53959710759658 64.49162349738738 81.91811309500488 148.56738110295166 294.05078947908703 73.34400643555882 284.3959501076517 179.60123181213385 252.0838874644143 83.50206755404201 17.91261416176321 154.19301921080447
290.8143314217033 73.36497500446094 3.1148328945907133 374.23268989549575 270.9789084736002 685.4037022671167 196.567887860971 678.6589095029827 415.0841224839192 753.9567060550764 172.62815376937297 700.5182520809219 859.4987480081323 611.0925663544175 13.310538958578505 249.81561391657203 17.554696825187065 56.52813823664993 189.09143677159395 3.120273026482412 216.2966092557761 276.7674384541724 83.75687736253413 204.64187008958947 51.925429134193344 92.39554236832731
160.49286640079495 76.28900717660557 844.6105324951844 295.861999413842 328.01395795875504 174.38865621058363 738.0334814515152 597.0510329931916 15.764338770689058 618.8664822512053 599.8084190215945 410.709662011394 309.27935129741314 775.951886722182 148.20394312614067 225.1148262808299 163.24947428137241 130.8267482637532 273.1237774520619 15.881098592241472 145.46900104860856 131.91540076719153 354.85525855950874 19.978551638520557 70.81105581177724 181.09538759291533
336.7368504337427 52.53878654673453 48.778623990894864 145.92241083973306 141.79818134217308 155.1488907401052 765.4134865918375 773.3897968021678 219.01652395816342 295.1010277071303 56.223882511255994 639.7861325255328 81.41987380356083 459.08295958321 115.9794303864207 4.159958772552653 28.02665747154004 196.6235259626637 163.8841988353077 160.00062837634843 126.17994629418945 354.2512513016518 19.699676534137467 286.27024391895526 69.22185071662226 154.90783573445887
188.9309165696578 91.73372587800804 41.73100354546443 472.70031132740957 358.0828189613059 9.186664438895331 230.88514504478167 795.3786817167455 463.52893338033124 295.2094413218518 554.6644473992416 542.5348470923749 886.7580899984075 4.533448516988869 236.21414657344093 92.07833976377944 89.98017157310392 15.432940358278552 96.7958276533298 54.37184969738755 49.9764893532745 27.28690102756066 104.33188571020536 396.10153958557265 90.9428863530216 200.69741491238054
158.26049149402857 52.65171195067664 873.3743542895288 128.48309542138807 577.0126692461355 461.05726511062727 640.6841843041517 844.209842692533 617.5136129292172 573.5567757955214 20.49479757232865 732.3337841028558 828.8360635928155 566.0277421195623 220.57914974300076 221.11819890430542 93.45270258305897 18.98427186288468 250.6133809314132 66.45184927431723 36.14878546299867 319.7112118296678 322.7094241136871 243.81464681961248 47.82241511232513 40.802594700442505
155.51334100583134 64.20246501957273 341.83254725309513 38.1684322274167 251.0675217353733 11.135467691577672 450.18723289080407 492.6722083550153 868.1538850255336 870.9365133939585 319.7945403535337 363.54308598366225 542.1467090556822 769.5858010022599 217.95257264597356 36.70001811766557 46.48939783141831 58.20528816613907 159.3628559692871 381.8964488528416 225.6803023097744 153.29037846256938 251.88708038086642 346.0967747032101 78.51869512873766 242.45674046421559
275.1602841066109 52.54510279324307 821.8144390884357 784.448258377671 765.9203362743702 766.1040850369952 837.70507771675 884.7415949858336 130.958235883319 671.2013570458106 588.5579226978307 97.31588024944118 645.4481955951671 319.89137150766436 89.60260143604845 45.1390358545829 14.685293802190413 201.1453260880299 162.2575804189285 82.81790446001223 16.122590067218965 276.2924661711896 171.78046273492794 75.65804361602311 69.28389157260631 8.6686329817387
346.1053636575217 55.481826189241126 642.9041501414733 831.639967710742 872.3344318184427 553.9528809483271 784.5881026855701 583.4144794670314 314.31719261308257 101.42132466927633 388.2838712457599 837.0322563766537 213.74231399974448 119.68825367195167 203.82644637160325 100.73477633337616 177.58691827794604 221.9324738525719 339.8619440151617 45.98952772086577 333.1594626597982 394.0397886623904 342.67936815011353 394.7545055077182 181.59619148319823 208.8965148526854
399.17650500927505 72.72449998894614 594.0492196041068 526.2482238612082 313.2582347759661 662.9947484262368 220.63053787539798 116.24435193525439 522.482160858949 721.6512218670024 273.76515366478185 203.5742188674221 376.67251904208496 875.8915871742773 24.923524775686268 192.97004178252192 108.99041849616148 151.2025240228981 240.98566616452487 107.10557491789628 148.05003067127163 354.5838760539552 210.38402469412168 159.59112669415993 158.82351906228837 172.30841392935608
254.63614562202534 98.39530396978635 615.3263237961802 272.17713517620393 554.6979110178254 750.3253648837447 5.165073542438603 64.79595894645627 30.392235255008735 10.088441044980879 759.4842341023706 259.4014488697781 288.1737950110516 685.4034008060628 120.21474549208786 63.22463829312808 201.20910185755687 40.452069376330726 45.00422879698003 247.41136681848332 398.85218745345236 45.84817162924879 251.25613363214114 269.4310706972578 172.19020193593624 196.5885413944568
257.99605416250677 67.73995934216455 798.0965168013464 823.5687244586063 310.4115840804821 332.6241206941831 194.81094240701768 827.3597018380984 624.5678402801557 120.5592613676116 202.86503186694776 281.2007868158246 8.479230246139746 837.1333894031956 200.3474694185718 244.18618957371382 237.73277490386346 96.58025369768059 137.06978643817905 180.06396675049646 129.73043741855412 133.61617852908907 99.00671233158414 347.1026522147805 128.69300738128086 124.29309954853667
163.98924778360768 98.37614238006084 470.215801773811 83.58354323409031 533.5178339968198 237.17646859887114 264.6142999531224 578.5646492575229 408.7668205763704 6.962782876782847 838.6310353400654 586.5778162788873 155.40231497836638 889.0708659914775 211.45274511448443 50.172283580430324 94.15774814053421 109.07679373619789 128.63830790241354 302.897364715139 235.2182588225004 199.51031715929975 357.22818132729026 109.08076698908897 25.622125720048157 14.02651430193952
303.1234158678744 72.58363252906464 699.4639901813024 187.32997027701475 494.76512088530757 40.16937063872987 769.0166368276563 487.7969691454962 431.69004753956494 728.4567370912466 638.2384602671759 9.038957117434066 458.24088469129964 757.5508999351545 1.2246883881489867 125.48860352508429 60.93828003589707 165.7275638795785 117.19636369202759 7.928119085103846 143.8541600844663 103.75301072542817 257.7321120979754 234.34191225195895 3.492984905753782 33.5562568873643
275.4392098697156 99.39993929259114 608.2145621224328 200.65172076975693 597.8717333225943 653.1876038184502 54.10731394378002 549.7066803855377 214.35061874796153 867.8019601615426 879.8721015958283 589.9138830399197 606.588485603817 411.2664045723917 99.56460646358997 228.93859151611858 96.42558536216141 207.21389171155866 58.45306368382528 88.65664844213224 60.14220402594916 0.038035563525351535 174.84323080051695 141.17956562092567 51.56697606748367 155.77169276721787
370.05108645415396 76.55981012981836 893.8310169896354 242.90998191333645 240.6503993529697 836.7584447513544 104.37750120373146 679.1044863008105 885.6808366908051 535.8300219847349 710.6282525152401 752.793919972286 574.1354413459187 328.646528111704 115.89346715677692 20.80613749785104 175.66278901608493 244.6412275536343 314.83859890268474 169.326370191923 42.565347775199314 226.7283002504494 84.98506038877957 164.9074299582458 7.278175797507613 230.94260134707153
394.644345777913 84.09074674575658 447.69204149791085 736.3891023662965 558.3332476561999 316.96491933967854 593.1322003283839 713.7234621104218 19.526221066586157 800.2773480826626 708.7802359729842 538.908554487817 137.40385286270822 799.8955731749135 199.27450176098003 243.51517214695775 74.29313030950959 187.61471471392613 382.43048883287366 131.63643038037117 41.1791967188615 296.4729571639493 292.00245617849123 170.72032487184728 214.56036201337986 213.86105768472765
365.8216616512706 87.5469091411776 314.8714426281716 11.475013322554496 545.8299876127874 725.5327379220681 240.35537715957034 684.5655560767839 871.8014397613147 324.9175876738665 143.452514466299 131.67707837953918 354.69337905781686 202.32816847547463 201.83654827169315 243.01956803826474 179.46431820430578 160.7900102642087 263.53139731687554 36.4196964355731 171.79433757360405 192.71284372485624 338.7036386132584 63.30204943771442 30.570693286999017 23.343660439262642
250.6689227467316 69.32717625917304 17.231648708000492 253.74729163035963 755.3613795787174 742.4796157609791 162.1837621289485 392.1376838914079 151.81693418007637 751.0206000601385 750.935080873877 640.2116218316785 771.8725114988719 60.5890973342546 229.77149793466322 52.09539114783945 39.13078728202579 176.5056724864912 218.12121667049942 274.6611387918954 384.7133784512741 315.0669208114466 313.4717114574961 397.2548332482452 80.20574836471967 48.16151385374784
382.7904613240613 74.93630993340062 857.2605224113743 84.53118404442942 332.56632984721057 59.41370468778177 462.5321171740903 556.1003962526373 115.60512765762373 169.78257885559722 153.8941658521759 501.2067755460021 312.7957072388604 381.50418813198263 99.51671122508976 241.14921965467636 121.11717344547162 177.82210876180278 393.92789558497043 145.623234657861 101.96529399356078 152.07231030441633 63.58110026906822 160.92344760449186 157.56892813760615 210.37704238722353
364.14838295387125 66.38239675302593 136.92759560465385 632.6782435776211 219.03497655814544 519.0853979381554 531.9718787499917 816.8448231266127 588.9554394376761 477.72861845780994 25.787294265071083 22.09338365787922 890.1170595221723 481.0803856173854 45.73796524369825 240.45785307548687 165.27155150535634 93.72662630581821 48.04513788037386 122.72911441700853 244.32122489291922 33.478285295447385 380.4615253486347 255.1192405160998 142.5173045711696 242.17680787474987
196.61675719791015 72.50566815340558 852.4237054668592 777.0596357230124 345.275522130527 243.9028613294425 771.6579882807303 260.39453610170426 376.3910989881311 156.5939366253312 673.032997630062 565.566759123667 623.8774177246169 583.1046026008154 96.54578080099004 17.36476020924979 39.96500998790342 249.32453558936433 294.0981522752357 221.61573564454758 255.77793470023212 384.4600796948106 33.70125596614475 297.6252942235546 154.63074012386159 199.46791843161097
319.6967103526564 64.85194535270061 329.6514434138179 94.57865679839766 68.50619276420515 419.5417079673658 283.43188513397223 119.64202294146345 29.107673759519116 26.052625869810985 304.4716701516396 468.2029112894844 447.0850670721433 629.2321320287256 84.97736064962317 186.77757851018143 206.27708548208113 248.72777743149246 344.3273977798448 8.82955347685379 124.16898800825385 10.70260331970636 334.97133403918707 93.95915124516785 195.7681710747892 82.97239712686974
330.9641582975165 63.92233231763227 595.36336842879 26.041711600172523 220.11428632281772 168.6770383526003 478.59456073362423 597.4093423534063 470.29755800295663 819.5453638048043 542.8431577753786 14.856464922207335 439.9076938394694 493.0402221526642 101.78450526661365 117.4983288680308 197.5837804536879 87.77646306668757 252.00319473923946 180.56165420077699 271.35892116933 296.75781965352854 129.24662576686492 268.02949184810984 31.173795919327617 229.95542361741337
365.72126538347277 80.31346725185165 3.539757688037315 50.94055553877747 840.5991068319906 672.8837703727324 503.6867614963709 435.4654124221299 456.04501350312177 15.36788543962957 731.7818879709522 186.6324698788478 319.05853908736935 780.544349211394 176.21948762173727 145.307630524204 47.33366843305203 154.78446422409556 145.40811461312467 209.79313300702907 364.78157033053236 183.90889304871627 358.47188723443674 289.43135660607 160.63564477096617 3.300088087445335
267.99625140929004 92.69034658808457 686.3446243032928 657.6672839797263 895.2748392353119 615.1263011506593 25.692995383609386 292.3533305279413 462.030387101559 548.5785526895214 146.05927525545266 320.39776842681187 130.25490146815594 161.6505442096504 106.86397272391842 106.25620036255017 244.84558529723165 231.00306333859058 188.83367568761565 374.62628382896014 52.561391744655324 160.51346803095484 202.37591377924525 1.8048771803475638 119.32561863189231 22.914155627661277
204.16313229760695 95.66785841431263 258.03484226346643 867.3377300152562 59.96920062015927 288.7349996054345 434.4986862722531 516.2663721642385 454.71115868388785 312.10384989099737 419.9620640341059 646.6674849786092 893.6920495033467 99.54244251781704 217.0680268889769 173.46219436995617 152.99999509120912 86.16375997391448 165.76566088504512 369.99574812135853 296.1042906561469 79.64633448640699 219.62884604037055 353.82132010143164 11.464354702953539 8.611502592231535
177.35319280139154 82.59181770255194 717.5837490756727 852.5756996502661 412.2910184432539 755.6866389885888 416.48214152603373 533.0631715524858 546.7272391572002 535.6190617946683 430.56705726560705 886.3305918443244 314.2784441004418 371.30432784545303 63.05150383391239 33.82779741001246 86.16783168603634 132.54026282657966 308.99202495139264 376.34901755335375 213.8066372942236 390.2840990502332 292.88398909026006 84.9877397890212 138.0070243994972 26.364435778202242
177.4947041261785 68.92310147684705 722.2539732310067 858.4335601561413 647.5880316638186 651.5554968423792 239.0756191900493 639.1410799697859 553.4917270294602 320.8300528867511 678.0446479481708 708.1622998760062 380.863391654595 710.2524923580078 26.786647216687776 46.628202129225556 155.82051106924553 114.99518005315912 389.89323485661674 255.18481390307954 126.62103962003108 115.11013230250842 197.1853459670964 8.128201943320068 115.29153446461169 93.03459431849342
202.1547376474884 91.3722056623676 319.2541913366908 479.31000910744115 186.51064494115883 892.6430889101396 169.06342035546888 702.5712301805822 250.98225811361152 267.05796582384335 553.6605422373282 625.3083974281939 825.0755647091945 373.7174107289604 70.92625444091294 211.2029701450294 243.85008118068137 244.82367694429865 29.92104337579584 291.1214592570697 344.4264582592739 237.69763361485076 34.15853852204545 130.36188520273407 114.69802161807691 88.95247480166479
290.68178298815656 99.50392880245528 64.99593865740604 795.5752160572006 801.0286444629343 897.3732959361204 486.09226745215534 518.740164285213 345.3338473699248 328.39142070910543 517.678373423063 523.5493798228879 715.2473175200657 773.1123084189774 94.7213409955472 71.35463159332198 121.4822611920186 154.43056837629575 304.5221729062776 59.538856176850665 206.6758018164112 233.42446478318624 7.143017610695601 377.7102450584377 204.62743114038832 114.93293646735006
382.16822326133934 88.7058447856987 303.80270983010854 855.0544457488514 638.1008475301793 880.9272966391585 274.0656015827489 199.54769354321817 36.779617403703504 551.8243599276259 56.906625846738436 205.67692111489205 455.4514407812884 163.72898275072376 230.90098879640692 19.465957962988057 189.06003635927308 85.93559299944603 222.61172636527044 129.00846648708276 160.09299370879154 308.7598775805111 114.15701844398498 187.84929748976177 79.23965973475688 226.69422519270432
311.69186434330845 63.98072989892981 451.56785301798993 321.06628628555313 408.20222133807124 9.169275864480674 97.29454824645774 146.25643241961095 682.5404344653505 824.8924722950242 531.4682094472865 5.157077158882295 680.2095887155841 485.2290839837807 6.527691912916689 109.09980295035082 195.77115501588335 191.36557347795946 28.573606630080086 54.23179145936761 137.74009385414163 192.53377878167387 342.5884948036324 251.503529959163 145.38016272036657 21.764589599355315
289.5815196466606 60.478301615937205 691.0636226475792 575.6989308157041 634.6003862370509 399.5971781298142 217.52288878401495 722.0814373620217 584.5017844844535 124.342016032329 890.057174442021 312.80131074321923 620.8457924787907 882.3456545397806 102.67108538115843 123.95559341540596 125.03919925422765 128.13844464173698 139.7800228035848 47.99742376071339 26.95304744088478 128.70463152381086 131.96364177693005 244.4366932738871 123.08963431246802 43.36560488443941
226.58758118760915 81.49200252457321 276.469412060157 318.7591191117113 92.05834544598069 717.6258990325938 255.1691150575208 668.0111518931923 163.69302543788865 86.87250217690533 597.3515988001411 245.70351488739007 381.5423279041118 848.9272995052362 70.82349131988336 63.49896168177357 152.4030768835589 108.8501243781949 397.3563575519369 346.46970424804033 190.57658387435134 312.856242099505 132.62555528131003 174.11631811026746 155.01919119823845 85.43988485829568
217.94035333968435 71.67764736035981 691.3227435377689 551.9949870477235 266.8956462218577 422.46443454587376 79.94847251209822 42.9779764402919 824.1462357324883 694.8510431087556 429.6247393635577 827.7196572832544 552.2932635410376 672.9888655081135 22.2385983830696 116.49991171899538 139.87984806995271 122.2752025537385 374.4469266496321 119.2333764538971 82.9237286477397 122.1307698754635 55.893446533665966 338.3986117050447 189.24148213745337 51.58183872058172
389.3198778659682 72.97291258676124 350.0026644618987 353.0123580559048 667.3978901990463 118.00613576981499 444.9451372562575 890.6683466778505 804.7198714513064 481.2047245693464 249.71953048460452 856.3857044053727 87.76301139071589 645.7154408160592 246.16317117770222 56.18321795481343 82.33737979062394 132.4900281767194 352.03160196199815 288.50693963030744 28.44570024876063 185.52744784065425 76.40467412041562 310.44510654479086 142.7179835203523 204.15146477804737
173.44440414601786 58.65783486224153 99.20324147517518 838.5291365811827 470.02661895665665 612.4580181490338 62.32235826430254 473.05365356948766 860.9541509639605 696.734601145527 162.96900044543548 50.714405201912825 784.9382111110078 606.2934462283939 30.64980117334587 91.5811847267702 78.98574036122635 140.78907581112165 180.8444082900758 104.11997733441271 97.12364825365873 186.6064496721396 221.63816611017288 256.5264225984603 246.9086862759623 23.389232287779922
243.01693685612466 88.75786015698455 611.440653458876 801.4314095334719 237.41226399807888 102.36040278825996 663.1371953371685 196.4471165516856 180.30933049188783 727.4048747539969 846.7796402825729 523.3601034794275 518.986369341361 642.5265822977234 67.05744109049164 243.2665935423596 172.2703580803552 36.15696314818087 289.31018441816093 364.8439008803829 21.842199225115788 298.3822746834813 261.7913490950536 109.38543012138813 20.329344626060177 148.7836747286126
337.50421245976673 59.74830499509831 658.8959857949108 94.00793107637536 564.6358105801561 586.8669276081737 728.7764466173539 806.4455750612397 373.8038036005469 612.6242581385742 771.6964360475167 845.2977173654991 882.5231657534474 33.13483372210379 70.89319320725218 146.52755073427574 29.650373383495715 202.71606475154894 194.30172034934245 317.51704681704456 98.42813764935458 94.80644133523452 33.633794308754084 119.3268783708343 215.61896475646068 103.55136482767332
364.558460496433 80.1066669282641 118.25749759101814 239.12707902949427 261.52354483392054 287.30219226873334 124.12880078051204 146.72637475493318 801.3845918428959 447.83628180439064 657.9914661462032 179.61362586397777 587.6506304918197 91.54153867529295 242.39229334539255 141.78590886818648 110.63575544594106 233.5534008638967 177.31715843879095 337.899081559486 350.6297492601241 195.62613634413094 338.507840782525 337.04470492291176 104.04959021894646 44.97823940785434
245.49756605539545 67.00203270489652 800.9537343855228 184.5827529503104 13.556878671266526 422.0697625026577 85.27618413503284 110.81243159578254 799.8494892544842 424.19893220235866 24.23102555831933 487.5283776388929 652.5285074237531 81.13785497967942 229.655616810484 220.58389946268628 93.23785918508156 7.08619084015058 376.2106518720666 94.69534899003587 301.8959216006215 131.74759018450425 240.1234192321084 136.74286743771606 158.3591528000745 186.7060076491497
252.77222226757408 72.75854942209762 512.6244213905782 740.8156258864271 696.5808623376563 159.3924456748181 362.01859432088315 529.2253358155701 859.4181579021867 792.5518328972115 121.45930754130926 272.3309957975977 239.6130577073701 858.8846386045687 143.9230362198057 249.1137381537459 12.849817967712424 123.95482519452858 231.08316462998852 206.7108781463329 28.50906984845807 288.5027687553372 127.9724629332056 122.14618187584358 41.061864869935405 184.35612987318717
266.5039251687721 53.01835652692264 376.96609195300005 91.15629688144888 563.0833198059388 784.6270704832575 367.8323249102178 655.0439951751924 866.4768759839538 291.95061872716036 134.6273353499284 767.7630948604822 239.32681123741858 513.549698191956 157.66007743567826 69.30195265489394 139.014124195717 243.4247100833243 121.15006459485463 64.06630467801513 257.01671993689064 32.95254477421814 393.71331061227835 58.61112573381817 55.8031051117098 5.96564778563688
219.85713833398404 87.74434940681031 842.0654358377939 195.8675834209873 516.8047243996499 553.0668892925653 636.529033185442 463.96649616546017 321.1313160240891 268.01713835557405 837.562438073788 751.5731764872306 412.6256555166681 241.47071265345454 169.27787655454384 5.3668917742692726 227.61733764972155 107.15522234415073 150.17082515782843 133.13814415173044 204.87807505592647 358.1949691866037 276.89056817953355 109.81752277690377 0.5253376864232662 96.84175924575533
229.4313797839517 73.14216019251776 251.73864470632034 602.2311080702427 596.871462249543 214.87762432748363 68.17593867125072 626.4934019402565 732.1880623116416 424.7543106450009 800.9478359959345 884.1865673784199 424.4374502102307 166.02296971417238 35.51215596854876 70.3164373332362 34.871372247270656 159.41972648647246 333.48635618499867 8.654205613928667 27.053890209956943 350.8412809382365 241.18184031515887 26.335329987100753 20.30995477463804 75.65596552174244
221.14192041760197 84.07081358893575 595.2969489612975 163.84536950465312 562.6991778276816 809.8409524273425 221.1689403098167 209.2014774728187 818.7221250537403 263.4902667228019 34.96669318867161 312.2442682436617 744.3061328143061 644.0366579639663 75.84371127231555 161.67335244453986 27.621010153571852 34.93275446445976 340.2346632897391 160.78892546020356 134.95621544775292 55.463659279292976 310.7658954395278 345.2800126335735 247.41731621218406 223.53303049205368
264.19498299188854 78.94828064446958 530.675597551177 496.827031609301 41.259711437788994 433.4671458346655 485.60707003030643 52.67088797887456 303.2199569678185 330.8292087854332 286.7420151899985 491.24010539946477 541.523138433624 328.00578392137294 192.97402389712747 216.62515002771278 156.21980256482783 144.53531821382404 377.90179479620565 34.33792577195196 63.34779209613859 191.22019930503347 291.8211442846359 294.2037434641834 146.21672795401147 94.35411151081499
226.63683708791757 57.62781777535845 406.41176845050427 218.21145371894022 306.4898577969507 188.35838618908696 273.7723945002166 166.44805525775658 854.432472771472 395.67078823800375 445.79074406683924 543.0443682823615 6.209155233777741 19.687163334298564 219.32714717824848 244.77725797214336 109.34884983962992 232.94481980665316 278.24257312826484 190.12735283979117 316.7075218643911 14.111204505104435 201.94724271282115 318.6835385737522 62.81919626645874 131.7128564295224
229.03201973352094 90.16747779307164 813.8695145708703 601.0382394373961 39.514687105419135 211.2139007374701 538.3958550003341 633.4333138609812 610.9090649685972 223.02045648530589 277.43680356396044 645.7656297533412 300.1705707636476 508.35884945271897 59.70277515360767 23.924158523556006 149.738274631362 187.9182047969011 216.3087695594601 292.986104963608 261.5168383054203 195.57496073869487 248.79588552218706 247.06926115170046 84.42337692864379 164.5260732698265
170.52863756747027 97.44030273687635 638.6347550530794 340.75874031549864 565.3652331678976 378.0329963768079 643.7802134788635 676.9958804173455 263.12121939758333 788.7150576080721 355.7914948282127 264.26389853744496 875.6317084736951 163.60758186409328 155.22739557929745 37.587836759080226 87.10653898483528 207.13215487478163 335.41935325693635 165.08915129165388 357.0035644146859 86.13106668015664 223.98544019917165 244.07007885249848 233.7279898857373 231.2546566116127
173.68400384286753 66.28126008729997 584.3167781124229 207.46150788967572 9.352852951539814 740.7187029216547 695.788692366375 830.8014981980983 716.6937587988895 360.0756486972045 676.9403924060751 808.3521458483199 199.96921474240995 295.17278099674957 101.92700329709733 204.889296167695 16.57145250153047 154.57996195207463 188.77660573094565 176.17370594538446 267.272046938472 268.01414655460496 47.97734232944366 47.06107935365722 150.63498236979632 170.8275871909988
339.4396492768377 54.36496727731223 828.9976398608854 460.3548174509301 471.65537131098046 364.9693685433463 705.2249565008788 558.3207063998307 379.72956056910243 860.1376875721477 28.245525346900468 213.372588804277 83.32594482097647 779.7951684108074 144.20244652550969 248.735346457328 80.79000184829948 233.27285835662377 298.3594195429486 185.9576424241656 7.4527187596397315 80.17445239096435 297.9119660165823 6.778604861993953 148.88404980624117 203.01510601719735
